# non-canonical form, primal
    A_eq = [
        [1, 4, 0, 1, 7],
        [7, 6, 0, 0, 4],
        [4, 0, 2, 1, 6]
    ]
    b_eq = [5, 2, 1]
    A_le = [
        [5, 1, 6, 0, 8],
        [-1, 0, 0, -2, -7]
    ]
    b_le = [9, -4]
    c = [2, 4, 5, 0, 0, 0]

    x[0..3] >= 0

# canonical form, primal
    A = [
            [1, 4, 0, 1, 7, -7, 0, 0],
            [7, 6, 0, 0, 4, -4, 0, 0],
            [4, 0, 2, 1, 6, -6, 0, 0],
            [5, 1, 6, 0, 8, -8, 1, 0],
            [1, 0, 0, 2, 7, -7, 0, -1]
    ]
    b = [5, 2, 1, 9, 4]
    c = [2, 4, 5, 0, 0, 0, 0, 0]

# non-canonical form, dual
    A_eq = [
        [7, 4, 6, 8, 7],
    ]
    b_eq = [0]
    A_le = [
        [1, 7, 4, 5, 1],
        [4, 6, 0, 1, 0],
        [0, 0, 2, 6, 0],
        [1, 0, 1, 0, 2],
    ]
    b_le = [2, 4, 5, 0]
    c = [-5, -2, -1, -9, -4]

    y[4] >= 0
    y[3] <= 0


 # canonical form, dual
    A = [
            [-5, 1, 1, 0, 0, 0, 1, -1, 7, -7, 4, -4],
            [-1, 0, 0, 1, 0, 0, 4, -4, 6, -6, 0, 0],
            [-6, 0, 0, 0, 1, 0, 0, 0, 0, 0, 2, -2],
            [0, 2, 0, 0, 0, 1, 1, -1, 0, 0, 1, -1],
            [-8, 7, 0, 0, 0, 0, 7, -7, 4, -4, 6, -6]
    ]
    b = [2, 4, 5, 0, 0]
    c = [-9, 4, 0, 0, 0, 0, 5, -5, 2, -2, 1, -1]